#piramide
#vertices 17
#v0   10.0   0.0   0.0
#v1    7.07  -7.07  0.0
#v2    0.0  -10.0   0.0
#v3   -7.07  -7.07  0.0
#v4  -10.0   0.0   0.0
#v5   -7.07  7.0   0.0
#v6    0.0  10.0   0.0
#v7    7.07  7.07  0.0
#v8   10.0   0.0   10.0
#v9    7.07  -7.07  10.0
#v10    0.0  -10.0   10.0
#v11   -7.07  -7.07  10.0
#v12  -10.0   0.0   10.0
#v13   -7.07  7.0   10.0
#v14    0.0  10.0   10.0
#v15    7.07  7.07  10.0
#v16    0.0  0.0  20.0
#faces 17
#f0 8 
    0 1 2 3 4 5 6 7
#f1 4 
    0 1 9 8
#f2 4 
    1 2 10 9 
#f3 4 
    2 3 11 10
#f4 4
    3 4 12 11
#f5 4
    4 5 13 12
#f6 4
    5 6 14 13
#f7 4
    6 7 15 14
#f8 4 
    7 0 8 15