#Planares
#vertices 20
#v0  -10.0  -10.0   5.0
#v1   10.0  -10.0   5.0
#v2   10.0   10.0   5.0
#v3  -10.0   10.0   5.0
#v4  -10.0   10.0  -5.0
#v5   10.0   10.0  -5.0
#v6   10.0   15.0  -5.0
#v7  -10.0   15.0  -5.0
#v8  -10.0  -10.0  -5.0
#v9   10.0  -10.0  -5.0
#v10  10.0   10.0  -5.0
#v11  -10.0  10.0  -5.0
#v12   10.0 -10.0   5.0
#v13  -10.0 -10.0   5.0
#v14  -10.0 -10.0  -5.0
#v15  10.0  -10.0  -5.0
#v16  10.0  -10.0  5.0
#v17  -10.0 -10.0  5.0
#v18  -10.0  10.0  5.0
#v19  10.0   10.0  5.0

#faces 6
#f0 4 
    0 1 2 3
#f1 4 
    3 2 5 4
#f2 4 
    4 5 6 7
#f3 4 
    8 9 10 11
#f4 4 
    13 12 15 14
#f5 4 
    0 1 2 3